13348    
804204 
804455   
898491   
2898661  
5210841  
6255852  
6806472  
7174582  
7799412  
8255522  
9120732  
9544962  
9733422  
9753672  
10316422 
10452452 
10487982 
10733192 
10815782 
11139102 
11622712 
11915432 
11916652
12504732 
12534022 
13082862 
13396762 
13406702
13547812 
14055920 
14068579 
14076588 
14079425 
14094296 
14140707 
14153378 
14180136 
14211802 
14213491 
14214772 
14248461 
14261168 
14302268 
14311992 
14381339 
14389132 
14430060 
14433007 
14527357 
14542767 
14563260 
14649354 
14669398 
14675522 
14720411 
14776551 
14805828 
14819541 
14819541
14886813 
14886943 
14964379
14974273 
14983850 
14984654 
15117375 
15147376 
15158464 
15179986 
15187078 
15187078
15195171 
15264105 
15274836
15309254 
15323801 
15600217 
15794195 
15816264 
15991049 
15991049
16150075 
16181186 
16429977 
16481781 
16559157 
17242874 
17242874
17352423 
17850012 
17867513 
18087450 
18238282 
18276100 
18363508 
18539631 
18932935 
19107253 
20385404 
20806376 
20977313
21836409 
21836409
25431069 
25914590 
31567254 
36324222 
54646707 
