14389132 
16559157 
14669398 
17850012 
15991049 
5210841  
11915432 
13348    
804455   
14430060 
18238282 
16150075 
15117375 
17242874 
13082862 
15600217 
15195171 
20385404 
11622712 
898491   
12504732 
18539631 
16429977 
14079425 
21836409 
14213491 
18932935 
16181186 
15816264 
15158464 
17352423 
14311992 
14720411 
14261168 
9753672  
7799412  
14433007 
19107253 
18363508 
18087450 
20806376 
13547812 
31567254 
14076588 
16481781 
14542767 
18276100 
15794195 
17867513 
15274836 
16108468 
21908338 
18153673 
10667882 
19734025 
21743635 
16970852 
14429823 
14886813 
13820332 
15959560 
14647853 
16746457 
17802735 
17949775 
14380258 
13492872 
20643704 
14725110 
16814727 
18312906 
17752368 
19804077 
14154581 
13049582 
17732108 
18506975 
17913181 
11333532 
16265869 
20977313 
804204   
21652654 
15905461 
15554127 
13406702 
20755753 
18277078 
11965332 
16724548 
14774895 
18773467 
15397465 
14660636 
16860550 
16264088 
11916652 
17601250 
31345485 
16487447 