25431069 
36324222 
10316422 
14527357 
14819541 
25914590 
14649354 
14140707 
14984654 
14886813 
7174582  
13396762 
8255522  
15323801 
14974273 
9733422  
6255852  
10452452 
2898661  
9544962  
10733192 
54646707 
15147376 
6806472  
15187078 
14381339 
14211802 
14983850 
14302268 
14153378 
15309254 
14180136 
14055920 
14563260 
14214772 
14776551 
9120732  
10487982 
14805828 
15179986 
15264105 
11139102 
10815782 
14094296 
14068579 
12534022 
14675522 
14886943 
14248461 
14964379 
19789420 
10824762 
14897007 
15446127 
14469645 
14206126 
10473402 
14423603 
13908992 
14227633 
14777840 
14287820 
12681842 
14288759 
8741782  
4448101  
14222363 
11316592 
31567254 
9740812  
10225952 
14450143 
15221351 
9255062  
14334992 
15036050 
14166387 
6740662  
14762756 
14906247 
1328941  
14468487 
14850557 
12946702 
14513239 
14318450 
5840792  
7513452  
15143484 
10736302 
14936183 
6633982  
7671872  
14713822 
15173007 
12469782 
6466022  
14221051 
5528562  
11272742 
