13348   
804204  
804455  
898491  
1328941 
2898661 
4448101 
5210841 
5528562 
5840792 
6255852 
6466022 
6633982 
6740662 
6806472 
7174582 
7513452 
7671872 
7799412 
8255522 
8741782 
9120732 
9255062 
9544962 
9733422 
9740812 
9753672 
10225952
10316422
10452452
10473402
10487982
10667882
10733192
10736302
10815782
10824762
11139102
11272742
11316592
11333532
11622712
11915432
11916652
11965332
12469782
12504732
12534022
12681842
12946702
13049582
13082862
13396762
13406702
13492872
13547812
13820332
13908992
14055920
14068579
14076588
14079425
14094296
14140707
14153378
14154581
14166387
14180136
14206126
14211802
14213491
14214772
14221051
14222363
14227633
14248461
14261168
14287820
14288759
14302268
14311992
14318450
14334992
14380258
14381339
14389132
14423603
14429823
14430060
14433007
14450143
14468487
14469645
14513239
14527357
14542767
14563260
14647853
14649354
14660636
14669398
14675522
14713822
14720411
14725110
14762756
14774895
14776551
14777840
14805828
14819541
14850557
14886813
14886943
14897007
14906247
14936183
14964379
14974273
14983850
14984654
15036050
15117375
15143484
15147376
15158464
15173007
15179986
15187078
15195171
15221351
15264105
15274836
15309254
15323801
15397465
15446127
15554127
15600217
15794195
15816264
15905461
15959560
15991049
16108468
16150075
16181186
16264088
16265869
16429977
16481781
16487447
16559157
16724548
16746457
16814727
16860550
16970852
17242874
17352423
17601250
17732108
17752368
17802735
17850012
17867513
17913181
17949775
18087450
18153673
18238282
18276100
18277078
18312906
18363508
18506975
18539631
18773467
18932935
19107253
19734025
19789420
19804077
20385404
20643704
20755753
20806376
20977313
21652654
21743635
21836409
21908338
25431069
25914590
31345485
31567254
36324222
54646707
